1
-0.64
2
-1.29
3
7.04
4
-3.60
5
0.24
6
19.41
7
-1.03
8
2.50
9
3.56
10
-1.77
11
6.09
12
5.88
13
1.23
14
-3.43
15
-0.05
16
2.78
17
9.77
18
-6.46
19
0.77
20
0.03
21
0.47
22
-2.76
23
7.00
24
-13.06
25
-1.46
26
-1.67
27
2.16
28
-0.50
29
-2.24
30
-5.95
31
4.80
32
9.70
33
-4.13
34
-6.93
35
-4.88
36
-1.10
37
2.89
38
7.25
39
8.24
40
6.15
41
-2.84
42
2.38
43
9.65
44
1.42
45
0.28
46
5.45
47
1.18
48
3.03
49
-0.73
50
7.15
51
4.02
52
2.06
53
-2.37
54
4.82
55
-3.18
56
-1.55
57
3.10
58
1.33
59
6.90
60
9.87
61
0.84
62
0.51
63
1.96
64
4.36
65
-1.23
66
-1.61
67
1.20
68
-4.40
69
-1.08
70
1.22
71
2.62
72
-3.99
73
1.12
74
2.39
75
-4.71
76
8.32
77
2.57
78
3.52
79
-0.20
80
-8.34
81
-2.24
82
4.21
83
-0.18
84
-1.47
85
0.06
86
4.90
87
0.16
88
0.64
89
5.66
90
4.78
91
-0.73
92
-1.55
93
0.18
94
3.82
95
2.56
96
-0.15
97
-1.01
98
4.42
99
-4.81
100
-0.06

