1
-2.38
2
3.06
3
2.54
4
-1.61
5
1.17
6
8.50
7
-3.80
8
-2.48
9
7.85
10
-4.23
11
10.12
12
10.04
13
4.62
14
-4.67
14
-0.17
15
3.83
16
6.48
17
-8.68
18
3.67
19
-5.21
20
12.72
21
-0.10
22
10.49
23
-18.89
24
0.40
25
9.06
26
2.06
27
0.36
28
4.83
29
-4.44
30
8.66
31
7.45
32
-3.78
33
-13.10
34
-1.53
35
4.92
36
-0.70
37
1.37
38
9.85
39
5.48
40
6.92
41
25.88
42
6.22
43
-0.93
44
-2.11
45
2.74
46
0.23
47
6.78
48
7.40
49
1.54
50
2.38
51
4.55
52
-8.12
53
4.87
54
-4.77
55
-3.02
56
0.66
57
1.66
58
0.91
59
8.23
60
0.48
61
-0.83
62
4.10
63
4.34
64
-2.50
65
-2.63
66
3.27
67
-6.10
68
-1.76
69
0.84
70
5.07
71
-7.85
72
3.06
73
2.12
74
-4.91
75
7.03
76
7.01
77
3.79
78
-0.23
79
-8.84
80
-5.84
81
-0.69
82
8.91
83
1.36
84
8.22
85
8.23
86
-1.53
87
-0.71
88
4.67
89
2.72
90
-2.71
91
-3.27
92
2.97
93
-0.17
94
2.91
95
1.33
96
-2.28
97
4.43
98
-4.46
99
9.38
100
3.59

